000000001
000000002
000000003
000000004
000000005
000000006
000000007
000000008
000000009
000000010
000000011
000000012
000000013
000000014
000000015
000000016
000000017
000000018
000000019
000000020
000000021
000000022
000000023
000000024
000000025
000000026
000000027
000000028
000000029
000000030
000000031
000000032
000000033
000000034
000000035
000000036
000000037
000000038
000000039
000000040
000000041
000000042
000000043
000000044
000000045
000000046
000000047
000000048
000000049
000000050
000000051
000000052
000000053
000000054
000000055
000000056
000000057
000000058
000000059
000000060
000000061
000000062
000000063
000000064
000000065
000000066
000000067
000000068
000000069
000000070
000000071
000000072
000000073
000000074
000000075
000000076
000000077
000000078
000000079
000000080
000000081
000000082
000000083
000000084
000000085
000000086
000000087
000000088
000000089
000000090
000000091
000000092
000000093
000000094
000000095
000000096
000000097
000000098
000000099
000000100
000000101
000000102
000000103
000000104
000000105
000000106
000000107
000000108
000000109
000000110
000000111
000000112
000000113
000000114
000000115
000000116
000000117
000000118
000000119
000000120
000000121
000000122
000000123
000000124
000000125
000000126
000000127
000000128
000000129
000000130
000000131
000000132
000000133
000000134
000000135
000000136
000000137
000000138
000000139
000000140
000000141
000000142
000000143
000000144
000000145
000000146
000000147
000000148
000000149
000000150
000000151
000000152
000000153
000000154
000000155
000000156
000000157
000000158
000000159
000000160
000000161
000000162
000000163
000000164
000000165
000000166
000000167
000000168
000000169
000000170
000000171
000000172
000000173
000000174
000000175
000000176
000000177
000000178
000000179
000000180
000000181
000000182
000000183
000000184
000000185
000000186
000000187
000000188
000000189
000000190
000000191
000000192
000000193
000000194
000000195
000000196
000000197
000000198
000000199
000000200
000000201
000000202
000000203
000000204
000000205
000000206
000000207
000000208
000000209
000000210
000000211
000000212
000000213
000000214
000000215
000000216
000000217
000000218
000000219
000000220
000000221
000000222
000000223
000000224
000000225
000000226
000000227
000000228
000000229
000000230
000000231
000000232
000000233
000000234
000000235
000000236
000000237
000000238
000000239
000000240
000000241
000000242
000000243
000000244
000000245
000000246
000000247
000000248
000000249
000000250
000000251
000000252
000000253
000000254
000000255
000000256
000000257
000000258
000000259
000000260
000000261
000000262
000000263
000000264
000000265
000000266
000000267
000000268
000000269
000000270
000000271
000000272
000000273
000000274
000000275
000000276
000000277
000000278
000000279
000000280
000000281
000000282
000000283
000000284
000000285
000000286
000000287
000000288
000000289
000000290
000000291
000000292
000000293
000000294
000000295
000000296
000000297
000000298
000000299
000000300
