000000582
000003966
000001748
000004200
000003542
000004462
000003725
000001571
000001127
000003130
000004370
000003741
000004960
000000846
000003512
000002998
000000418
000000809
000001753
000000603
000003527
000003804
000004252
000004784
000002498
000002986
000001224
000004603
000002734
000001566
000004134
000000932
000003806
000004368
000002825
000004790
000004066
000000184
000003407
000001172
000003453
000002444
000001009
000002721
000000934
000000961
000000416
000003926
000004943
000004122
000004340
000004269
000002319
000003077
000001004
000000680
000001642
000002248
000004518
000004499
000004716
000000544
000004218
000004217
000002903
000003731
000004975
000003579
000000673
000001266
000001211
000003539
000002554
000003530
000003431
000003152
000002629
000001348
000000044
000003203
000004145
000002781
000004131
000002142
000002928
000002905
000002188
000002772
000003630
000002061
000004068
000004500
000002913
000001011
000004291
000003343
000000579
000003295
000000698
000003960
000002321
000004029
000004733
000001362
000002114
000003721
000004142
000000354
000002899
000002931
000003449
000003395
000004909
000000363
000000875
000001825
000001277
000004947
000004601
000002597
000002210
000002029
000002802
000004570
000001478
000003872
000002863
000000353
000004728
000002574
000002914
000004195
000002951
000001272
000004973
000004635
000004155
000002158
000000955
000003498
000003460
000002268
000000371
000001922
000003757
000002616
000002639
000001183
000003317
000003084
000003573
000003410
000002659
000000670
000003785
000004361
000003689
000002429
000000971
000003046
000001034
000002468
000000121
000003176
000001472
000004016
000001743
000000924
000000113
000001950
000004374
000004672
000001239
000001197
000002082
000000606
000004481
000001586
000000912
000004034
000001798
000000178
000004891
000000674
000002942
000004945
000003466
000003002
000001959
000003637
000003454
000004566
000001644
000000306
000000361
000003192
000004826
000000524
000004507
000000468
000002169
000004610
000003793
000004726
000000854
000000972
000001367
000002493
000002419
000001934
000002456
000001171
000001823
000002033
000000886
000000595
000000566
000003718
000003346
000002581
000001145
000002436
000003801
000001607
000001089
000002010
000000638
000003572
000000413
000001526
000004492
000001754
000004055
000004648
000000200
000003419
000002381
000002936
000004509
000000071
000004753
000000255
000003392
000003424
000004537
000000402
000004057
000002987
000003683
000001524
000000233
000004663
000001666
000004655
000004454
000002163
000003285
000002438
000000036
000000129
000000231
000000182
000000073
000004685
000001078
000004939
000004227
000001003
000000941
000000120
000004515
000004755
000000014
000000515
000002547
000000819
000001616
000001166
000002976
000000149
000001008
000000713
000003318
000000811
000003903
000004245
000001547
000002889
000001866
000002728
000000661
000004962
000003258
000004502
000004416
000004904
000003078
000002290
000003433
000004838
000001977
000003787
000001845
000001318
000000395
000000625
000004394
000004551
000001956
000002238
000003846
000001476
000003234
000004983
000000477
000000074
000003927
000004371
000003030
000000219
000001144
000000304
000003112
000002121
000000508
000002351
000003628
000000172
000001834
000000982
000000154
000001739
000001625
000001317
000001219
000003910
000002427
000001996
000004912
000002440
000002036
000002910
000001453
000001982
000004062
000002573
000001886
000002326
000002847
000003956
000002077
000002066
000003501
000000249
000002172
000000290
000000756
000004184
000002719
000003984
000003991
000000947
000004260
000001913
000001454
000002512
000004205
000000311
000001387
000004380
000003405
000000949
000001633
000002107
000002005
000001999
000003076
000000981
000001424
000000839
000000692
000003081
000003091
000004965
000002356
000001783
000001907
000001051
000001939
000001573
000001484
000000596
000001826
000000358
000004877
000000237
000004938
000003257
000000454
000003193
000004209
000003181
000004802
000002807
000001081
000003775
000004240
000002515
000002385
000002785
000003442
000001795
000000844
000002638
000000106
000000405
000003968
000002084
000003770
000001860
000000152
000002495
000000510
000003528
000000029
000002730
000004544
000001794
000002150
000003246
000000079
000003664
000003053
000001340
000000517
000001043
000004079
000001949
000000739
000001303
000002242
000001057
000000428
000002185
000003027
000002392
000004916
000004940
000000272
000002461
000000497
000003400
000001912
000002046
000001676
000002769
000000115
000004557
000001784
000001675
000004630
000001032
000003082
000000257
000002531
000002934
000002970
000002088
000002919
000004694
000003897
000000089
000001099
000003350
000002487
000003383
000000780
000004478
000000049
000001083
000002611
000000828
000003211
000003890
000001758
000001629
000001906
000002295
000004412
000004527
000000679
000004242
000000199
000003372
000003776
000003504
000004025
000002420
000003054
000001708
000001257
000001766
000001275
000004658
000004588
000003879
000003151
000000764
000000408
000004903
000004447
000003885
000002741
000003413
000002645
000000689
000001438
000004071
000000996
000003090
000001323
000002712
000003672
000001575
000002031
000002388
000003852
000002972
000002853
000002451
000003207
000002509
000002386
000002943
000000836
000002831
000004031
000000882
000000494
000000227
000004490
000002526
000001048
000000448
000000824
000001683
000003216
000004556
000004475
000004587
000003588
000001475
000001663
000003179
000000540
000002991
000003153
000001741
000001232
000004158
000004866
000003266
000000048
000004778
000003217
000004763
000001871
000004196
000001274
000000867
000001991
000000938
000001374
000002540
000001550
000002397
000002901
000001962
000003185
000001891
000003370
000000842
000000554
000002818
000003345
000001267
000004054
000002261
000003250
000000578
000004006
000000956
000003435
000000804
000003497
000003604
000003820
000001581
000003882
000002314
000002358
000000831
000001623
000001404
000004885
000004651
000003993
000003620
000003279
000004754
000003352
000003547
000004984
000001901
000003272
000003955
000002334
000004563
000003606
000003165
000000166
000004521
000001637
000004219
000001815
000004617
000001988
000002868
000004789
000000374
000000264
000000564
000001180
000002790
000004980
000000165
000001156
000003137
000003764
000002041
000000097
000000016
000000323
000002403
000002627
000003428
000004489
000001107
000000921
000001248
000000138
000004058
000002657
000001228
000004033
000003585
000002474
000001955
000003690
000003102
000003458
000002379
000001181
000002513
000004752
000002536
000000759
000004990
000001752
000002195
000003918
000000084
000000125
000003753
000002469
000001418
000004817
000002337
000001923
000000805
000002672
000001207
000004793
000003387
000000876
000000871
000001251
000000123
000002601
000001473
000001250
000001942
000002878
000004276
000003009
000003529
000004761
000004562
000004243
000001565
000003558
000002332
000003619
000003070
000001692
000003104
000002669
000003906
000001283
000001557
000002239
000003861
000004137
000001861
000000935
000001521
000001888
000004864
000004343
000002315
000004751
000002090
000000443
000000810
000000195
000000520
000002984
000003653
000003309
000004770
000003945
000002491
000000267
000002049
000000583
000002256
000004876
000001574
000004688
000001981
000003240
000000570
000001518
000001735
000002329
000001561
000004850
000000725
000004506
000004237
000004148
000000087
000002771
000000628
000002702
000004383
000004517
000001674
000002022
000003920
000003072
000004865
000002035
000004572
000000599
000003465
000001875
000001579
000001989
000003745
000004087
000004352
000004689
000004841
000004430
000004797
000003223
000001818
000000198
000001554
000001533
000003127
000004432
000001792
000003253
000003369
000002448
000004236
000004092
000003313
000000931
000002409
000002588
000001918
000001873
000004468
000003490
000001378
000001727
000002829
000003468
000003219
000003083
000001797
000003581
000004552
000002664
000000280
000001388
000002924
000004501
000002960
000001430
000002044
000001117
000001040
000001947
000003067
000003635
000001928
000004524
000001290
000002338
000002944
000004011
000001452
000003061
000002978
000002171
000001879
000000718
000001114
000002706
000002197
000003047
000000479
000001148
000003336
000001401
000002360
000003188
000003752
000001911
000004005
000004381
000004538
000004736
000003197
000003038
000000495
000004080
000004532
000000284
000003652
000003334
000001855
000002911
000001827
000004948
000000228
000001876
000001639
000004957
000003978
000003122
000000859
000000145
000000122
000002902
000004976
000002181
000002067
000001071
000000957
000000877
000003133
000003031
000000205
000002815
000001178
000003607
000002796
000003464
000001314
000003728
000000797
000000528
000000699
000004963
000003472
000000224
000000039
000004133
000001432
000002281
000002138
000000521
000002364
000003675
000004666
000001139
000000659
000004386
000001167
000004238
000002275
000004065
000003508
000004327
000000990
000002797
000001987
000002685
000002072
000001383
000000458
000000128
000001705
000004827
000003792
000004151
000000035
000001246
000003886
000002086
000004493
000001096
000000637
000003378
000003086
000001414
000002008
000002178
000002861
000002900
000000392
000002012
000002774
000004265
000000612
000004756
000000321
000001993
000003448
000000700
000001764
000003969
000004649
000001495
000000897
000001255
000004024
000002933
000001914
000002180
000000223
000003480
000003858
000002244
000001968
000004417
000004971
000001726
000003242
000003613
000002921
000004150
000001205
000003911
000001773
000004423
000000814
000003018
000001429
000002553
000000004
000000391
000003017
000001366
000004303
000002018
000000375
000003398
000000142
000003816
000002843
000001394
000004420
000001838
000003516
000001859
000001173
000004530
000003255
000001693
000000328
000000927
000004894
000000910
000000197
000001858
000004967
000001195
000001869
000001382
000003169
000001840
000001986
000004460
000001824
000002680
000004573
000002969
000003109
000002208
000004744
000000251
000001669
000001537
000003942
000001831
000001385
000000246
000003282
000004968
000002667
000002644
000002613
000002723
000002216
000001613
000003563
000001412
000004760
000004246
000000332
000003330
000004149
000004956
000002545
000004683
000003007
000003503
000000270
000002443
000000943
000002708
000002112
000004513
000004290
000000153
000001603
000002989
000003108
000001744
000004741
000002725
000002097
000004018
000004949
000002692
000000642
000001125
000000543
000000500
000004616
000004181
000003161
000000167
000003270
000001651
000003414
000002129
000004398
000001360
000000213
000001910
000003668
000004169
000002722
000004667
000001816
000002184
000000547
000000770
000000126
000002131
000002707
000004342
000001645
000004331
000002541
000001522
000001308
000003814
000000030
000001242
000002401
000002768
000002037
000001364
000001352
000002691
000000216
000001585
000000221
000002311
000003946
000000530
000002895
000003923
000000277
000001742
000003039
000001854
000002340
000004118
000000518
000003200
000004895
000003645
000004254
000004450
000003822
000000916
000004739
000000488
000000827
000002165
000000086
000001636
000002955
000004569
000003715
000000946
000003010
000003156
000000707
000003367
000002504
000001608
000000501
000000212
000000080
000003771
000002770
000000918
000001924
000002548
000001967
000003568
000002858
000002221
000004171
000002750
000002626
000004874
000003834
000001698
000003389
000004590
000003654
000004833
000001763
000002922
000002095
000000169
000000658
000003005
000002384
000004595
000000818
000002272
000002837
000002822
000000359
000002119
000003365
000000445
000003837
000003425
000004582
000000903
000004662
000000526
000001609
000003155
000003289
000003220
000002587
000001935
000001036
000004050
000000108
000000711
000001695
000003769
000002700
000001768
000001576
000001113
000004631
000002792
000002245
000002484
000001688
000002284
000003708
000000697
000001302
000001212
000001466
000004295
000003998
000002893
000003799
000002610
000000568
000001892
000004922
000001588
000000457
000001243
000004041
000002372
000001650
000004414
000001710
000004234
000003314
000003734
000003248
000001647
000003596
000003665
000004102
000003032
000003164
000004013
000004363
000002376
000003071
000003386
000001667
000001419
000000855
000002006
000004338
000003125
000004621
000004095
000003788
000001465
000002099
000004281
000003484
000003087
000004923
000001100
000001960
000000133
000002330
000001535
000000369
000000591
000004934
000000740
000003766
000000161
000001489
000004125
000002028
000004390
000003327
000002704
000001058
000000446
000003696
000003936
000003999
000000266
000000042
000001285
000002867
000002527
000002990
000003996
000001702
000002628
000001044
000000513
000003876
000002820
000000775
000004069
000000613
000004913
000002045
000003373
000004022
000004781
000004531
000003363
000000093
000000863
000001312
000001899
000000978
000000745
000001281
000001157
000004418
000002759
000003168
000001084
000000830
000003228
000000614
000004946
000001460
000002744
000003354
000001233
000001865
000003494
000002879
000004231
000004198
000001506
000000187
000003060
000003320
000003646
000003865
000000062
000004167
000002980
000000585
000001701
000002254
000003740
000000019
000002695
000003260
000002079
000003427
000002636
000004820
000003080
000001686
000000421
000003145
000001751
000002549
000004424
000003344
000004932
000000177
000004852
000001497
000003463
000000147
000002953
000002711
000001334
000002291
000003252
000002753
000004853
000002263
000002490
000001786
000003194
000003559
000004988
000004583
000000070
000004366
000003954
000003416
000001951
000004473
000000743
000001015
000001175
000000451
000004989
000001428
000004483
000002363
000000944
000001598
000004654
000001376
000004480
000004130
000000336
000001808
000004166
000003227
000001471
000004160
000004580
000003840
000001335
000003406
000003933
000001482
000000808
000002365
000004404
000004813
000000675
000002966
000000439
000000527
000003686
000003212
000000215
000003844
000000345
000001828
000000537
000003278
000000220
000001730
000004851
000001485
000003709
000003704
000004274
000002014
000001035
000003063
000004737
000001975
000001839
000000360
000004421
000002661
000003756
000003075
000002733
000001399
000001069
000000061
000003762
000000602
000001280
000004898
000003705
000002605
000001209
000004652
000002026
000001319
000004758
000000672
000003817
000000682
000001442
000000021
000000694
000003441
000004039
000003517
000001462
000003685
000001030
000004182
000001483
000000589
000001060
000003676
000000768
000002282
000004611
000001112
000001292
000004743
000002584
000000914
000003546
000000068
000004259
000002418
000003143
000004042
000003737
000002857
000002848
000002327
000004190
000001315
000000633
000003726
000001856
000001852
000003985
000000269
000004889
000003335
000000053
000002064
000004135
000000067
000003866
000002251
000003286
000003170
000000283
000003021
000000922
000002975
000002454
000002207
000000983
000003404
000001206
000002410
000003603
000002110
000001529
000002682
000004443
000004576
000004212
000002193
000002747
000003669
000004592
000002370
000000617
000002703
000000948
000001158
000003141
000004128
000004869
000003411
000003556
000001655
000001111
000004099
000001964
000003925
000003986
000004906
000002122
000001118
000001024
000000028
000004795
000003096
000000905
000000472
000004615
000001520
000004831
000001333
000001501
000001761
000004959
000004437
000002854
000002875
000003961
000002194
000002476
000004491
000000862
000001355
000004510
000004410
000001804
000001353
000002630
000003647
000002345
000004344
000003533
000003649
000004896
000004953
000002367
000004351
000004180
000000204
000004147
000001263
000004494
000003420
000002247
000002592
000001311
000004479
000004152
000000279
000004144
000003642
000001958
000001516
000002328
000001830
000003789
000003297
000001618
000002508
000004349
000000701
000002186
000000312
000004871
000000112
000004256
000004625
000002884
000000590
000004272
000004075
000002907
000004175
000004498
000003538
000004633
000004798
000001464
000003142
000004925
000001326
000004535
000003438
000001421
000002979
000004598
000004009
000000746
000004996
000003583
000003875
000000728
000001332
000002004
000004244
000004998
000004476
000003139
000002799
000004433
000001384
000000387
000003891
000004929
000004214
000000398
000002821
000004063
000004285
000000608
000001070
000003526
000002408
000000024
000004824
000001347
000002421
000002198
000003477
000002751
000002826
000003229
000000753
000000291
000002713
000003655
000004300
000004078
000002758
000000801
000004709
000001719
000004119
000003093
000004040
000003902
000001087
000000964
000004981
000004703
000004901
000003701
000000333
000001455
000000712
000004406
000004220
000000541
000004645
000001656
000004379
000002717
000003269
000003765
000003368
000003059
000000007
000001294
000004228
000003394
000000183
000004792
000001802
000000671
000001916
000001494
000000155
000002839
000004335
000001699
000004855
000001086
000002505
000002767
000003907
000004725
000000609
000004251
000002092
000002231
000003064
000004233
000001151
000001006
000003908
000002904
000002109
000004641
000002949
000002488
000004622
000000116
000000969
000004098
000000194
000000656
000003247
000004740
000004883
000000431
000003937
000004052
000000386
000003166
000003895
000002093
000001536
000003236
000001549
000003738
000003510
000002423
000002383
000003222
000001863
000002689
000003694
000000298
000003574
000003183
000001316
000001997
000004584
000004627
000002649
000004731
000001153
000002157
000000574
000002318
000004286
000001174
000002335
000002241
000001492
000000173
000000803
000004049
000002806
000002586
000000643
000004950
000001722
000004930
000001390
000000064
000003525
000001305
000004668
000003333
000003011
000003681
000002654
000000355
000004545
000001256
000003319
000001409
000000481
000001696
000002876
000000124
000000997
000002941
000003813
000002710
000003631
000001446
000004644
000004008
000002939
000004606
000001361
000003107
000000464
000001759
000002571
000001449
000003186
000004469
000003673
000002957
000002973
000000911
000001425
000002705
000004455
000001210
000000536
000003943
000001088
000002608
000003794
000000018
000002350
000001092
000003325
000001152
000000135
000002596
000002177
000004554
000002816
000004497
000003034
000003747
000004193
000004047
000003980
000001140
000004893
000000092
000003163
000004834
000003703
000003417
000003412
000000654
000003026
000004359
000003599
000002754
000002656
000002462
000003450
000003520
000001199
000000872
000004482
000003570
000003001
000004129
000003035
000000032
000002631
000002308
000000776
000004375
000001398
000001163
000001344
000000505
000002202
000001091
000003097
000002435
000002215
000000337
000004842
000000779
000000186
000002253
000004384
000000069
000001042
000003584
000000330
000002025
000000160
000003014
000001902
000001322
000000202
000001165
000002841
000002336
000002320
000002155
000001415
000003049
000004699
000004745
000003710
000000621
000000011
000000356
000004317
000001893
000001883
000002971
000000684
000002562
000000936
000001836
000001775
000001814
000003746
000003264
000003706
000002737
000000486
000002141
000001737
000001596
000001299
000004844
000000015
000003482
000000738
000003695
000003744
000001431
000001001
000001493
000001350
000000813
000002164
000004194
000000915
000000378
000002433
000003118
000002543
000003830
000004768
000001896
000000592
000004808
000002404
000002749
000003175
000002182
000003940
000001819
000003777
000002784
000004525
000002618
000003447
000000507
000003351
000003221
000004461
000001527
000000058
000003415
000003462
000004400
000000253
000000085
000001106
000001606
000003632
000000105
000001519
000000974
000002563
000000786
000004496
000003707
000000640
000000657
000002766
000004372
000002507
000004304
000004442
000001477
000004785
000003298
000003894
000002726
000001874
000001310
000004859
000003262
000000476
000000411
000004806
000002220
000003566
000000003
000004445
000004488
000001900
000002938
000002675
000003440
000000026
000001236
000003552
000002374
000001885
000000203
000004097
000000099
000000380
000000025
000002274
000002670
000000347
000001426
000002568
000001513
000004870
000000561
000004978
000003827
000002981
000002040
000004085
000001670
000003154
000002173
000004854
000004324
000001507
000001592
000001244
000001325
000004910
000002864
000001600
000000382
000001511
000004816
000002842
000002852
000000010
000000238
000002489
000000076
000000834
000000077
000003167
000002777
000000742
000003657
000004030
000004028
000000487
000004474
000003981
000001582
000002600
000003589
000004919
000002063
000003780
000002055
000002890
000001293
000004638
000000667
000003123
000003225
000003868
000002030
000003713
000004951
000004159
000004485
000003029
000003056
000000627
000002912
000004701
000000787
000001279
000002743
000003798
000000435
000004523
000001447
000004519
000002996
000001872
000000562
000002134
000001772
000002339
000000789
000001940
000004868
000000409
000002412
000002246
000003371
000000299
000000462
000004452
000002349
000002199
000000966
000003729
000002860
000004287
000001077
000000430
000002346
000002240
000004088
000004388
000001560
000000419
000003012
000000573
000000717
000000652
000001682
000001102
000002533
000003857
000000346
000000648
000004289
000004749
000004881
000002146
000004681
000004415
000003358
000001610
000002840
000001973
000000757
000001368
000003795
000001217
000002214
000003237
000001679
000003366
000004197
000004706
000003523
000004977
000004862
000001788
000000856
000001689
000002795
000002316
000004056
000001850
000002154
000004687
000000156
000004656
000003557
000003136
000000703
000001678
000004607
000000308
000004985
000000812
000002479
000003869
000001052
000002307
000001661
000001703
000003128
000000340
000001237
000003543
000002139
000004428
000000605
000000240
000004267
000002407
000001188
000004403
000002227
000001027
000002503
000001729
000004329
000000995
000000452
000002434
000001235
000004226
000002546
000000999
000003922
000002355
000004799
000001423
000001448
000002262
000003184
000002001
000000206
000002855
000002892
000000866
000001801
000004185
000001067
000000459
000000017
000002426
000002347
000001474
000001130
000003469
000002762
000001894
000004362
000000107
000001681
000000193
000001338
000002485
000000210
000004224
000002252
000003905
000000101
000002619
000001053
000004262
000000503
000000959
000002765
000004083
000002250
000002325
000000980
000001505
000001620
000001714
000003893
000004626
000000660
000002871
000001927
000004177
000001085
000003491
000001556
000000893
000000364
000003502
000003003
000002740
000001952
000000134
000001135
000003661
000000567
000000261
000000722
000001721
000003284
000004536
000004800
000000869
000000098
000003403
000004027
000001359
000002303
000003680
000002888
000000037
000000260
000003015
000004308
000004972
000003997
000001046
000003578
000004690
000000926
000001120
000000896
000001658
000002937
000003847
000000889
000004215
000003877
000003592
000000141
000002697
000000726
000004168
000003066
000002174
000004777
000001191
000001543
000000762
000004528
000000864
000003443
000000368
000002483
000000343
000000422
000000821
000004508
000004964
000003048
000003138
000001005
000001654
000000440
000002789
000004004
000004325
000003390
000003621
000001542
000002823
000000320
000001641
000003749
000004369
000002655
000000874
000001189
000000702
000004007
000002348
000004332
000004966
000002668
000003768
000003328
000000265
000002229
000003117
000002516
000003028
000002160
000003377
000003172
000002676
000003436
000002965
000001716
000000724
000002230
000000662
000003843
000003506
000001523
000001563
000004273
000002496
000000580
000004613
000001468
000002176
000004082
000003930
000001187
000003860
000003342
000000102
000003437
000003829
000001917
000003140
000002148
000001354
000004067
000002151
000000250
000002880
000004315
000001903
000001208
000001201
000003180
000000492
000003339
000003110
000003810
000001122
000004571
000004639
000002015
000000525
000002634
000000735
000002087
000000100
000002752
000003670
000002735
000003224
000004786
000003992
000001337
000002850
000003509
000004585
000001196
000002620
000000027
000000773
000002116
000000259
000000159
000003261
000004693
000004636
000003100
000000588
000001500
000001626
000004126
000002519
000004387
000000191
000000766
000000560
000004715
000002475
000003849
000004117
000000400
000003040
000000736
000001392
000001867
000002437
000001422
000003114
000002780
000003487
000000619
000004045
000002228
000000484
000001328
000002522
000001546
000000820
000003836
000002091
000000721
000000769
000000244
000000729
000002260
000002143
000001630
000004333
000001848
000000034
000002872
000003326
000001882
000004301
000003439
000004708
000004258
000002463
000004629
000001436
000001375
000002523
000000442
000002298
000001298
000001193
000000075
000004206
000000923
000004920
000004717
000003591
000002323
000000162
000000601
000001932
000002140
000002961
000001054
000002300
000000263
000000389
000003576
000004712
000003274
000004600
000001486
000001558
000000636
000001937
000002959
000000465
000001297
000000401
000000482
000002359
000003190
000002755
000002576
000001750
000001395
000004449
000004762
000003068
000004642
000002518
000001490
000000522
000000012
000001779
000000930
000002739
000001979
000004596
000004722
000004279
000004116
000003233
000000714
000000833
000002293
000001066
000000471
000001624
000004001
000004994
000000899
000003825
000003456
000003215
000003674
000000848
000002497
000001021
000004015
000002187
000002159
000004458
000002580
000004774
000004670
000003626
000000610
000004164
000000163
000001509
000004999
000001240
000001343
000001781
000003691
000004671
000002235
000003951
000000641
000004465
000003697
000001434
000000096
000002057
000003293
000001984
000003988
000003717
000002234
000004440
000003975
000000678
000001587
000001694
000000278
000003826
000004503
000004495
000001755
000004899
000002467
000001284
000004727
000002590
000000781
000000196
000000146
000000234
000004830
000003445
000002595
000002013
000002885
000000050
000004048
000004987
000002534
000003867
000004453
000000140
000001514
000002558
000003322
000000285
000002009
000000033
000000502
000002289
000002179
000003702
000002053
000000404
000002800
000001330
000002908
000004141
000001176
000003973
000001080
000002524
000004072
000002269
000000338
000001225
000003554
000000575
000004589
000003323
000003265
000002582
000004931
000001056
000003356
000002255
000001638
000004847
000000490
000000207
000004360
000004952
000002398
000001039
000004425
000002915
000004604
000000806
000004204
000001079
000003625
000004253
000002560
000003399
000002331
000001833
000004292
000001684
000000998
000001098
000000908
000004695
000003486
000002621
000003600
000003177
000000666
000003548
000002539
000002273
000000348
000000022
000002788
000004123
000004277
000004347
000000314
000003004
000002310
000000539
000001538
000000901
000003714
000001020
000004038
000001746
000003699
000002763
000001226
000001230
000001499
000004705
000001202
000000940
000001221
000002862
000002715
000003023
000002824
000000051
000003964
000002786
000002102
000003553
000003052
000002687
000002909
000003514
000001023
000003688
000002361
000003025
000000388
000001972
000003593
000003452
000000655
000004702
000002591
000002183
000002791
000001321
000004466
000002678
000002078
000004143
000003338
000001740
000003429
000002465
000001731
000001890
000003957
000003044
000004720
000001291
000001941
000004522
000000466
000003880
000002828
000000929
000002683
000002305
000001393
000003938
000003641
000004541
000002166
000003958
000000663
000004179
000002714
000004354
000003331
000003874
000002452
000000262
000002389
000000292
000004208
000002575
000003807
000004581
000001868
000000043
000004402
000004074
000004880
000000450
000000274
000002096
000003878
000002773
000003545
000000379
000004146
000004187
000004935
000002783
000003249
000004316
000003716
000004771
000004113
000004120
000001734
000003204
000001800
000004100
000000496
000003292
000002447
000001190
000003597
000004323
000003899
000003864
000002192
000003008
000001363
000004659
000004107
000001806
000004873
000004178
000003444
000004176
000004225
000003397
000004742
000004653
000000705
000001733
000003105
000002428
000002042
000002569
000002100
000001552
000003758
000004202
000001976
000000534
000001218
000000429
000004970
000002851
000002417
000000316
000004514
000000498
000000282
000002455
000001925
000000293
000002625
000003036
000003312
000003485
000003135
000002736
000004660
000004345
000002920
000001441
000004773
000002793
000001063
000000150
000001379
000001103
000000907
000001068
000000449
000000393
000004520
000004574
000003994
000004504
000002623
000004357
000001728
000000478
000000512
000004064
000003624
000001349
000000696
000001345
000000963
000001634
000003301
000000977
000000542
000004037
000004211
000004103
000003982
000002278
000002132
000000634
000000584
000001580
000000622
000001101
000004207
000003571
000001357
000001227
000004456
000000937
000004609
000000890
000001391
000001954
000004365
000000691
000001341
000000774
000001013
000000925
000000752
000002288
000002643
000002104
000004697
000004109
000004111
000004623
000002413
000000268
000001864
000002962
000003948
000002709
000002414
000002051
000001502
000000309
000000630
000001841
000001769
000003627
000000516
000002819
000004927
000002287
000002834
000002152
000000751
000000111
000002070
000003457
000000730
000004593
000001179
000001709
000000668
000000531
000004533
000004723
000004979
000000681
000003434
000002396
000004918
000001095
000000432
000004872
000002529
000000407
000002624
000000509
000002415
000003831
000001373
000003590
000004328
000000252
000001435
000001164
000003759
000000693
000000399
000003073
000003565
000001184
000000737
000004320
000002481
000002400
000004578
000000258
000000383
000002233
000004110
000002103
000003693
000000083
000001697
000004464
000000607
000001978
000001943
000004861
000003658
000002343
000003833
000000586
000003972
000004882
000001648
000004307
000004154
000004377
000004849
000002161
000002602
000003024
000001777
000003616
000004511
000001646
000000731
000004229
000002836
000002286
000003949
000000782
000004505
000001589
000001544
000003099
000003276
000001615
000000300
000001146
000002003
000001541
000003511
000004908
000003126
000001711
000003348
000002232
000000276
000001570
000002466
000002845
000004156
000002191
000003723
000004907
000002930
000004077
000002299
000000829
000000945
000003259
000000090
000002945
000004222
000002693
000000754
000001919
000000322
000003357
000001136
000004241
000001288
000002362
000002124
000000324
000002925
000003162
000001194
000004664
000004395
000002748
000002898
000000800
000000480
000002065
000001569
000002237
000001662
000004232
000004665
000003848
000004682
000002034
000000733
000000144
000003513
000001049
000000796
000000887
000003854
000001849
000002301
000001014
000001980
000003303
000003971
000001844
000003965
000002803
000003157
000004467
000004355
000001555
000000546
000002017
000000849
000000275
000002317
000002886
000003256
000004426
000004341
000004213
000000020
000003540
000000563
000004106
000003421
000003089
000004837
000002019
000004284
000004339
000001970
000001134
000004471
000003041
000004405
000004121
000001076
000000423
000000038
000001381
000002168
000003743
000000433
000000281
000000132
000004823
000001590
000002149
000002525
000003524
000004991
000002375
000003459
000003577
000003483
000004188
000002617
000004114
000004162
000004926
000000174
000004829
000001487
000004221
000004924
000001162
000003475
000000148
000000412
000004836
000002511
000001503
000002615
000003605
000001915
000003640
000000979
000003124
000001920
000000456
000004035
000001926
000001672
000000008
000003730
000003939
000000315
000000683
000000013
000003863
000000581
000002718
000003353
000004700
000003375
000004302
000000470
000003191
000004003
000001627
000003678
000004750
000001185
000001530
000004746
000004677
000003146
000001479
000001410
000000892
000000792
000001820
000004409
000001829
000001881
000004835
000004389
000003290
000004153
000003796
000002804
000002369
000003859
000002673
000001110
000002647
000002144
000003947
000000247
000004021
000002023
000000550
000001685
000004821
000004539
000001680
000004721
000004306
000001396
000000397
000003521
000003263
000000188
000001411
000003095
000001075
000003381
000003979
000000993
000002572
000001033
000000158
000002570
000000372
000001887
000004278
000001271
000000965
000003116
000001289
000002948
000000256
000002810
000001965
000004477
000002399
000001811
000003079
000004350
000002517
000001169
000000493
000004356
000001072
000003182
000000632
000002832
000004512
000004974
000000467
000002464
000002648
000001245
000002306
000004090
000002267
000002663
000001154
000001545
000001583
000001386
000000170
000003952
000002402
000001895
000001780
000004439
000004438
000003615
000000475
000003409
000000783
000000750
000000414
000002212
000003121
000002745
000004565
000003564
000001817
000004250
000002471
000004776
000004094
000002285
000004059
000003580
000003473
000003663
000003811
000002593
000004992
000001397
000003915
000004944
000002521
000001640
000000117
000004419
000000239
000004076
000003824
000000119
000000181
000002681
000003724
000004643
000001104
000002048
000004189
000001799
000003870
000004888
000002000
000001406
000001062
000001458
000002357
000001451
000000289
000000559
000000744
000004334
000000968
000000095
000002276
000003774
000002368
000002094
000002542
000003361
000004319
000000650
000000319
000002223
000001515
000003481
000004886
000002556
000002405
000001687
000000975
000003567
000003374
000000254
000004724
000003990
000002794
000003254
000000334
000002377
000004397
000002390
000004108
000000060
000002222
000003134
000002425
000000318
000002502
000001177
000004686
000003898
000004296
000004174
000003088
000000189
000001273
000002127
000001444
000004249
000004696
000004995
000001329
000000653
000000103
000004915
000004270
000001853
000004248
000000287
000002341
000001461
000004192
000002457
000002047
000004183
000004441
000003763
000001028
000003238
000001720
000002073
000002147
000003349
000002271
000003206
000003094
000001413
000001877
000002076
000002779
000001022
000001234
000001771
000002696
000003522
000001259
000001594
000003883
000004561
000003101
000002530
000000933
000004089
000000709
000003618
000003611
000004014
000000791
000001327
000001732
000000420
000002866
000000201
000004759
000002052
000002760
000000394
000002021
000003470
000002688
000001440
000001878
000000686
000000303
000003384
000002883
000003119
000000273
000001342
000001214
000004691
000003595
000003251
000000572
000002270
000003778
000003855
000003751
000000706
000002366
000004408
000002313
000001065
000000960
000003496
000002983
000004311
000001953
000003900
000003299
000003062
000003019
000003783
000002373
000005000
000000715
000001124
000004283
000001061
000001408
000004805
000000790
000002641
000000651
000003805
000002950
000004815
000002637
000003033
000000009
000003267
000003742
000002701
000001090
000004391
000000727
000003928
000001933
000002849
000003476
000003677
000000483
000000950
000003582
000000952
000004845
000002724
000003534
000002136
000001260
000001331
000003488
000002190
000004084
000000271
000000837
000004646
000004637
000003735
000004275
000003199
000000649
000002873
000000555
000004191
000000576
000002002
000003896
000004396
000001149
000001534
000002118
000000185
000000594
000000548
000003037
000002056
000000623
000003784
000004282
000004550
000001767
000003662
000004364
000004312
000003732
000002486
000004791
000004264
000002555
000002603
000002578
000001961
000003519
000000758
000002128
000001707
000002716
000000327
000001301
000002640
000002292
000003617
000000175
000001365
000001791
000001929
000002787
000000557
000002557
000004678
000004086
000001456
000002442
000001041
000000192
000002312
000002257
000000939
000001985
000002482
000000226
000001278
000001700
000000046
000000447
000001782
000003332
000004692
000001264
000003092
000004783
000004091
000004714
000004060
000000519
000002196
000000551
000000880
000002449
000004053
000003919
000001756
000003812
000004223
000002929
000002887
000004010
000003210
000003020
000002599
000004124
000004719
000001665
000003226
000004161
000002071
000003666
000003781
000003754
000004230
000001512
000004017
000001346
000002729
000000858
000002985
000000645
000002406
000000335
000001724
000004140
000001812
000003643
000003967
000003819
000002551
000001268
000000005
000000362
000001269
000002506
000001203
000000928
000001433
000000066
000001370
000000063
000002932
000003959
000002684
000001400
000004597
000002054
000001749
000004809
000003160
000002225
000002808
000002074
000003159
000000054
000000793
000002514
000004314
000002583
000004534
000001974
000000295
000000760
000002997
000003727
000000088
000004448
000002145
000000047
000004812
000004526
000003201
000001300
000003636
000000313
000001141
000000381
000000208
000001488
000003970
000002081
000002764
000004346
000003823
000002652
000001377
000002877
000001309
000002453
000001126
000002353
000000242
000000384
000001591
000003551
000004711
000000297
000002416
000000533
000001553
000004612
000002266
000003944
000002881
000002130
000000136
000003058
000003828
000001417
000002098
000004840
000002123
000002882
000002658
000004807
000001510
000001161
000001142
000000225
000002085
000001220
000000180
000002153
000000763
000004914
000004828
000002699
000001595
000004081
000000843
000000765
000004165
000004620
000004023
000003479
000003851
000002559
000002609
000002604
000002391
000002577
000003711
000003598
000003144
000001389
000002606
000001204
000003531
000004674
000002126
000003841
000003205
000000485
000002974
000004271
000002203
000001222
000004310
000002125
000001517
000004542
000003474
000001632
000002060
000003302
000004201
000000646
000000898
000001200
000001339
000003360
000002117
000000888
000003113
000002566
000002394
000004769
000001963
000001725
000003324
000004936
000002083
000003909
000002492
000000631
000001459
000004775
000001528
000002635
000002480
000004427
000000884
000000489
000000329
000003712
000000370
000002441
000000891
000002024
000003656
000001295
000004309
000001904
000002264
000001643
000001029
000002686
000002156
000001807
000004897
000003022
000002477
000003364
000003733
000002552
000004044
000000473
000004305
000000913
000000851
000002916
000001736
000002478
000002835
000004942
000002205
000003187
000001276
000004650
000001712
000000417
000000598
000004000
000001405
000000716
000002813
000001612
000002304
000000469
000000873
000003569
000004560
000000852
000003173
000000352
000004822
000004486
000003291
000000847
000001671
000000624
000001673
000004810
000001249
000003549
000001416
000002778
000001407
000000065
000001568
000004139
000000438
000002958
000003687
000004579
000002561
000002016
000003586
000002387
000001971
000003208
000001567
000000841
000000403
000003983
000002782
000002446
000001002
000002964
000003446
000002265
000004568
000004293
000004318
000002062
000000339
000002947
000003230
000004624
000001150
000001790
000003382
000002189
000004608
000000772
000000532
000001559
000004431
000004555
000002746
000000991
000000900
000000331
000000761
000003393
000002926
000000302
000004787
000001847
000000055
000001628
000004887
000003904
000002869
000000857
000002445
000000669
000001843
000004676
000002259
000002450
000001983
000004543
000002039
000004902
000004268
000000942
000004628
000000951
000004875
000003103
000000556
000004261
000004713
000002594
000004487
000003106
000001880
000000909
000000685
000000861
000002660
000003401
000004860
000004046
000002999
000000799
000000644
000003043
000001047
000001778
000003329
000002607
000003638
000000385
000004255
000003239
000001133
000002411
000004734
000001835
000003006
000001602
000003700
000002995
000000604
000001765
000004619
000000919
000001121
000003976
000003633
000003929
000000664
000000436
000000618
000001498
000002236
000004803
000002690
000000349
000004297
000002646
000001621
000004564
000002294
000003612
000001525
000002309
000004684
000000785
000004203
000001668
000003914
000000157
000001247
000003430
000003147
000000441
000004878
000003884
000004105
000001093
000002622
000001372
000004470
000003832
000001261
000002283
000002614
000001738
000001055
000004173
000002501
000002532
000000767
000002133
000000902
000000710
000003131
000002694
000004917
000001776
000003786
000001994
000003281
000000815
000002776
000003273
000001147
000003610
000001677
000001439
000003362
000000615
000004647
000001611
000001351
000003489
000004348
000002211
000002967
000004407
000002111
000004051
000004732
000003692
000003950
000003310
000004549
000000236
000003305
000004884
000001137
000004239
000004172
000001094
000002896
000004892
000004567
000002020
000001132
000003750
000003818
000003231
000004765
000001258
000001050
000003862
000004326
000001846
000003550
000004680
000001774
000001998
000004811
000003050
000003296
000000214
000003245
000003575
000004559
000001572
000004602
000004794
000002731
000004634
000001921
000001897
000003609
000000396
000001809
000003797
000001622
000000954
000002249
000004698
000000463
000002833
000002550
000003098
000000437
000003195
000003921
000000690
000003889
000000865
000000988
000003055
000004679
000000665
000002838
000003355
000003202
000004411
000000296
000001706
000000677
000003418
000004577
000002946
000003341
000004900
000000504
000001123
000001286
000002460
000001216
000004112
000003629
000001010
000001593
000003518
000001504
000002500
000001437
000002801
000003174
000004434
000001898
000002992
000004982
000001170
000001307
000000344
000000826
000002538
000000301
000001659
000003853
000002068
000003842
000004767
000003316
000000474
000002352
000003720
000001945
000000620
000001262
000003243
000000143
000001723
000000788
000000434
000000229
000001532
000003748
000000629
000003935
000003455
000000168
000002564
000001229
000001059
000004954
000002378
000003773
000000984
000001930
000004941
000003000
000002027
000002817
000001760
000003158
000000376
000000211
000001403
000001238
000003802
000004399
000003881
000000850
000004457
000001336
000001131
000003388
000002988
000003594
000004591
000004093
000001745
000003209
000001966
000004451
000001470
000004856
000001427
000004484
000001635
000000883
000004422
000000179
000000816
000001821
000000190
000002585
000003537
000000310
000004848
000002811
000004393
000004235
000002382
000002865
000004614
000004955
000001324
000003287
000003493
000002727
000003283
000003760
000000832
000000853
000000823
000001757
000002897
000002520
000000878
000000305
000000545
000003213
000003977
000004104
000001082
000001938
000001252
000001653
000000992
000001108
000004704
000001770
000000795
000004280
000003171
000004392
000003671
000000425
000000001
000000741
000001254
000002089
000000953
000004401
000000626
000002209
000002494
000003931
000004321
000003115
000003268
000000822
000002432
000003074
000000059
000004558
000000506
000001931
000001717
000004553
000003426
000002470
000004879
000001105
000004463
000001074
000002756
000002612
000003306
000000879
000001304
000001016
000003451
000002113
000001007
000001718
000004061
000000406
000004382
000004322
000003989
000002666
000004138
000000894
000003639
000001480
000004540
000000720
000001909
000002650
000002473
000000868
000003271
000000958
000004127
000003359
000003736
000002827
000000987
000000647
000000687
000000286
000003835
000000917
000001129
000002812
000004247
000000962
000002940
000002200
000000885
000002952
000004867
000002322
000001155
000003495
000003244
000003432
000002043
000003277
000003791
000000994
000003873
000000529
000003892
000000109
000002279
000000920
000002424
000004263
000000288
000003467
000001551
000003275
000003682
000003321
000000881
000002761
000001019
000003901
000002224
000001889
000000535
000000569
000001143
000002662
000002993
000003241
000000989
000000732
000002856
000000444
000003995
000003311
000000723
000001796
000001762
000001496
000001306
000003667
000000708
000002439
000003380
000001787
000002280
000003189
000004632
000000151
000003150
000000245
000002738
000001420
000001957
000000777
000004707
000000688
000000341
000001599
000000023
000003634
000003809
000001810
000000600
000003016
000001073
000001785
000002206
000003562
000004911
000004115
000000094
000001241
000002918
000002499
000002732
000002011
000000986
000002075
000003376
000000424
000002277
000004804
000001617
000004032
000002167
000004594
000003045
000000616
000001168
000004858
000004599
000002874
000001564
000002162
000001992
000001813
000000817
000002927
000004986
000003622
000002977
000002565
000000072
000001652
000000082
000003803
000000351
000002742
000000325
000002891
000004019
000000164
000003815
000003391
000003541
000000230
000000232
000000114
000001450
000003722
000002101
000002175
000000427
000004136
000000373
000000639
000002217
000000217
000000091
000001562
000001805
000003288
000000802
000003790
000003535
000002302
000000317
000004298
000001857
000000835
000000390
000000365
000004796
000003839
000001402
000001457
000001664
000003500
000004772
000003069
000004002
000000243
000001064
000000377
000000838
000004216
000002674
000000748
000001946
000004779
000003782
000001905
000003111
000003651
000000127
000001842
000002677
000002528
000001862
000004640
000001948
000002297
000002458
000000426
000003601
000002632
000004101
000004757
000000597
000002201
000002954
000002108
000002354
000004661
000002115
000004330
000001282
000000538
000003423
000004928
000001198
000002258
000002204
000003659
000001358
000003614
000000491
000000171
000003856
000001215
000003148
000004299
000002894
000000906
000002422
000001045
000000052
000002510
000000552
000000840
000003085
000001870
000000973
000000461
000002906
000000415
000004735
000002982
000001990
000003698
000000235
000000771
000004435
000001531
000001508
000000719
000000104
000000587
000003178
000003987
000002380
000000807
000003648
000001578
000004832
000001109
000003808
000004675
000001445
000002120
000001296
000002994
000000307
000003800
000003912
000002371
000002720
000004043
000004444
000004673
000001597
000000558
000003408
000000676
000002058
000000350
000001026
000003129
000002653
000002805
000001223
000004358
000004413
000000110
000001000
000001356
000002038
000001837
000003402
000000455
000003478
000003962
000004548
000001605
000000248
000003924
000004958
000004729
000004780
000001138
000004937
000002218
000001270
000000056
000000040
000003650
000001540
000004710
000000904
000004132
000001704
000003684
000004472
000002963
000000294
000000553
000002870
000003561
000001116
000003660
000002459
000001649
000003917
000000222
000002846
000003300
000002923
000001119
000003461
000003471
000002809
000003767
000004157
000002170
000004933
000000571
000003934
000000057
000000139
000001690
000004376
000004012
000003821
000000577
000004020
000003941
000004718
000001192
000004618
000000176
000003499
000003679
000001253
000000499
000002651
000002598
000002050
000002844
000004257
000003587
000004657
000004547
000000357
000001031
000001115
000001803
000000860
000003492
000003214
000003013
000003422
000003120
000001182
000004353
000002395
000004818
000004026
000003347
000003132
000004921
000000031
000001017
000004266
000004905
000004378
000001944
000000241
000000565
000004961
000002472
000000845
000000747
000002567
000004839
000003560
000003396
000000326
000001443
000004814
000000366
000003218
000004846
000002243
000000784
000001018
000001231
000001584
000004186
000002830
000000798
000001908
000004546
000004199
000004073
000001539
000001601
000004997
000001793
000004801
000001128
000002798
000001884
000003057
000000006
000001832
000003913
000003532
000001822
000003719
000004738
000001995
000003340
000003755
000004788
000003507
000003379
000004163
000004459
000002430
000001159
000001691
000002544
000001467
000003385
000000523
000004294
000004529
000003845
000004337
000000342
000004766
000001660
000001097
000003644
000001548
000004782
000004373
000004516
000002296
000003304
000004730
000000704
000004070
000004764
000000514
000002917
000000749
000002633
000001713
000000130
000000611
000000137
000002344
000004825
000000045
000003149
000002219
000002671
000004288
000004748
000004096
000000593
000002431
000002665
000000002
000002535
000001160
000004210
000003850
000003544
000003761
000004429
000000410
000001012
000004170
000003337
000003838
000000695
000003963
000004336
000001619
000001186
000003871
000003280
000001851
000000734
000003555
000003932
000002059
000004969
000004605
000001265
000001789
000002106
000002135
000003536
000000635
000001657
000000118
000000131
000000985
000002859
000001481
000002333
000001747
000001604
000000460
000000453
000002007
000003232
000003065
000002537
000004747
000003196
000004575
000002956
000004993
000000778
000000367
000002342
000003294
000002579
000003608
000001369
000001469
000004863
000003779
000002137
000004857
000003198
000002968
000003602
000004586
000001631
000001577
000003916
000003515
000000511
000003505
000003315
000000549
000004367
000002642
000002698
000002069
000000895
000004843
000000081
000000825
000002032
000000078
000001038
000003623
000002814
000001320
000004890
000000755
000002935
000002324
000002213
000002589
000001463
000002393
000001371
000002757
000001287
000000041
000001491
000004385
000001614
000004446
000003051
000000970
000001037
000003042
000002105
000000794
000000218
000003953
000000976
000003739
000003887
000004436
000003235
000000209
000002679
000001936
000002080
000001969
000003974
000001715
000004819
000003307
000004313
000000870
000003308
000001380
000001025
000004669
000002226
000003772
000001313
000001213
000002775
000004036
000003888
000000967
